  -60.000000    0.999853    0.927295
  -59.900000    0.998741    0.935360
  -59.800000    0.997739    0.943555
  -59.700000    0.996831    0.951884
  -59.600000    0.996001    0.960350
  -59.500000    0.995238    0.968956
  -59.400000    0.994532    0.977705
  -59.300000    0.993871    0.986600
  -59.200000    0.993249    0.995645
  -59.100000    0.992657    1.004843
  -59.000000    0.992091    1.014197
  -58.900000    0.991543    1.023712
  -58.800000    0.991009    1.033390
  -58.700000    0.990485    1.043237
  -58.600000    0.989966    1.053255
  -58.500000    0.989450    1.063448
  -58.400000    0.988933    1.073821
  -58.300000    0.988411    1.084379
  -58.200000    0.987883    1.095124
  -58.100000    0.987346    1.106063
  -58.000000    0.986798    1.117199
  -57.900000    0.986236    1.128536
  -57.800000    0.985659    1.140081
  -57.700000    0.985065    1.151837
  -57.600000    0.984451    1.163810
  -57.500000    0.983816    1.176005
  -57.400000    0.983159    1.188427
  -57.300000    0.982477    1.201082
  -57.200000    0.981769    1.213975
  -57.100000    0.981033    1.227112
  -57.000000    0.980267    1.240499
  -56.900000    0.979471    1.254141
  -56.800000    0.978641    1.268045
  -56.700000    0.977777    1.282218
  -56.600000    0.976877    1.296664
  -56.500000    0.975938    1.311391
  -56.400000    0.974959    1.326406
  -56.300000    0.973939    1.341715
  -56.200000    0.972875    1.357325
  -56.100000    0.971765    1.373243
  -56.000000    0.970608    1.389477
  -55.900000    0.969401    1.406032
  -55.800000    0.968143    1.422918
  -55.700000    0.966831    1.440141
  -55.600000    0.965465    1.457709
  -55.500000    0.964040    1.475630
  -55.400000    0.962557    1.493911
  -55.300000    0.961012    1.512560
  -55.200000    0.959403    1.531586
  -55.100000    0.957730    1.550995
  -55.000000    0.955989    1.570796
  -54.900000    0.954180    1.590998
  -54.800000    0.952300    1.611607
  -54.700000    0.950347    1.632632
  -54.600000    0.948321    1.654081
  -54.500000    0.946220    1.675962
  -54.400000    0.944043    1.698283
  -54.300000    0.941789    1.721051
  -54.200000    0.939457    1.744273
  -54.100000    0.937047    1.767957
  -54.000000    0.934558    1.792111
  -53.900000    0.931992    1.816740
  -53.800000    0.929348    1.841852
  -53.700000    0.926627    1.867452
  -53.600000    0.923832    1.893547
  -53.500000    0.920963    1.920141
  -53.400000    0.918023    1.947239
  -53.300000    0.915016    1.974847
  -53.200000    0.911945    2.002966
  -53.100000    0.908814    2.031601
  -53.000000    0.905628    2.060754
  -52.900000    0.902392    2.090425
  -52.800000    0.899113    2.120616
  -52.700000    0.895798    2.151326
  -52.600000    0.892454    2.182554
  -52.500000    0.889090    2.214297
  -52.400000    0.885715    2.246553
  -52.300000    0.882339    2.279315
  -52.200000    0.878972    2.312579
  -52.100000    0.875625    2.346337
  -52.000000    0.872311    2.380580
  -51.900000    0.869040    2.415299
  -51.800000    0.865827    2.450481
  -51.700000    0.862684    2.486116
  -51.600000    0.859624    2.522187
  -51.500000    0.856662    2.558679
  -51.400000    0.853810    2.595575
  -51.300000    0.851082    2.632857
  -51.200000    0.848492    2.670503
  -51.100000    0.846053    2.708492
  -51.000000    0.843778    2.746802
  -50.900000    0.841678    2.785407
  -50.800000    0.839766    2.824282
  -50.700000    0.838052    2.863401
  -50.600000    0.836545    2.902735
  -50.500000    0.835255    2.942255
  -50.400000    0.834189    2.981933
  -50.300000    0.833353    3.021736
  -50.200000    0.832752    3.061635
  -50.100000    0.832390    3.101598
  -50.000000    0.832269   -3.141593
  -49.900000    0.832390   -3.101598
  -49.800000    0.832752   -3.061635
  -49.700000    0.833353   -3.021736
  -49.600000    0.834188   -2.981933
  -49.500000    0.835255   -2.942255
  -49.400000    0.836545   -2.902735
  -49.300000    0.838051   -2.863401
  -49.200000    0.839766   -2.824282
  -49.100000    0.841678   -2.785407
  -49.000000    0.843778   -2.746802
  -48.900000    0.846053   -2.708492
  -48.800000    0.848492   -2.670503
  -48.700000    0.851082   -2.632857
  -48.600000    0.853809   -2.595575
  -48.500000    0.856661   -2.558679
  -48.400000    0.859623   -2.522187
  -48.300000    0.862683   -2.486116
  -48.200000    0.865826   -2.450481
  -48.100000    0.869039   -2.415299
  -48.000000    0.872309   -2.380580
  -47.900000    0.875623   -2.346337
  -47.800000    0.878970   -2.312579
  -47.700000    0.882337   -2.279315
  -47.600000    0.885713   -2.246553
  -47.500000    0.889087   -2.214297
  -47.400000    0.892451   -2.182554
  -47.300000    0.895794   -2.151326
  -47.200000    0.899108   -2.120616
  -47.100000    0.902387   -2.090425
  -47.000000    0.905622   -2.060754
  -46.900000    0.908807   -2.031601
  -46.800000    0.911937   -2.002966
  -46.700000    0.915007   -1.974847
  -46.600000    0.918013   -1.947239
  -46.500000    0.920951   -1.920141
  -46.400000    0.923818   -1.893547
  -46.300000    0.926612   -1.867452
  -46.200000    0.929330   -1.841852
  -46.100000    0.931971   -1.816740
  -46.000000    0.934535   -1.792111
  -45.900000    0.937020   -1.767957
  -45.800000    0.939426   -1.744273
  -45.700000    0.941754   -1.721051
  -45.600000    0.944003   -1.698283
  -45.500000    0.946174   -1.675962
  -45.400000    0.948268   -1.654081
  -45.300000    0.950286   -1.632632
  -45.200000    0.952229   -1.611607
  -45.100000    0.954099   -1.590998
  -45.000000    0.955897   -1.570796
  -44.900000    0.957624   -1.550995
  -44.800000    0.959281   -1.531586
  -44.700000    0.960871   -1.512560
  -44.600000    0.962395   -1.493911
  -44.500000    0.963855   -1.475630
  -44.400000    0.965252   -1.457709
  -44.300000    0.966587   -1.440141
  -44.200000    0.967861   -1.422918
  -44.100000    0.969077   -1.406032
  -44.000000    0.970236   -1.389477
  -43.900000    0.971337   -1.373243
  -43.800000    0.972383   -1.357325
  -43.700000    0.973373   -1.341715
  -43.600000    0.974309   -1.326406
  -43.500000    0.975190   -1.311391
  -43.400000    0.976017   -1.296664
  -43.300000    0.976788   -1.282218
  -43.200000    0.977504   -1.268045
  -43.100000    0.978163   -1.254141
  -43.000000    0.978762   -1.240499
  -42.900000    0.979302   -1.227112
  -42.800000    0.979777   -1.213975
  -42.700000    0.980186   -1.201082
  -42.600000    0.980523   -1.188427
  -42.500000    0.980784   -1.176005
  -42.400000    0.980962   -1.163810
  -42.300000    0.981051   -1.151837
  -42.200000    0.981041   -1.140081
  -42.100000    0.980923   -1.128536
  -42.000000    0.980686   -1.117199
  -41.900000    0.980314   -1.106063
  -41.800000    0.979793   -1.095124
  -41.700000    0.979105   -1.084379
  -41.600000    0.978227   -1.073821
  -41.500000    0.977136   -1.063448
  -41.400000    0.975803   -1.053255
  -41.300000    0.974197   -1.043237
  -41.200000    0.972279   -1.033390
  -41.100000    0.970008   -1.023712
  -41.000000    0.967335   -1.014197
  -40.900000    0.964205   -1.004843
  -40.800000    0.960555   -0.995645
  -40.700000    0.956313   -0.986600
  -40.600000    0.951398   -0.977705
  -40.500000    0.945720   -0.968956
  -40.400000    0.939176   -0.960350
  -40.300000    0.931652   -0.951884
  -40.200000    0.923019   -0.943555
  -40.100000    0.913136   -0.935360
  -40.000000    0.901847   -0.927295
  -39.900000    0.888975   -0.919359
  -39.800000    0.877875   -0.911548
  -39.700000    0.868290   -0.903859
  -39.600000    0.860011   -0.896290
  -39.500000    0.852861   -0.888838
  -39.400000    0.846688   -0.881502
  -39.300000    0.841363   -0.874277
  -39.200000    0.836776   -0.867163
  -39.100000    0.832831   -0.860156
  -39.000000    0.829445   -0.853255
  -38.900000    0.826548   -0.846457
  -38.800000    0.824078   -0.839760
  -38.700000    0.821981   -0.833162
  -38.600000    0.820211   -0.826661
  -38.500000    0.818726   -0.820255
  -38.400000    0.817492   -0.813942
  -38.300000    0.816478   -0.807720
  -38.200000    0.815655   -0.801587
  -38.100000    0.815002   -0.795542
  -38.000000    0.814497   -0.789582
  -37.900000    0.814121   -0.783707
  -37.800000    0.813859   -0.777914
  -37.700000    0.813698   -0.772201
  -37.600000    0.813623   -0.766568
  -37.500000    0.813626   -0.761013
  -37.400000    0.813696   -0.755533
  -37.300000    0.813825   -0.750129
  -37.200000    0.814006   -0.744797
  -37.100000    0.814232   -0.739537
  -37.000000    0.814497   -0.734348
  -36.900000    0.814798   -0.729227
  -36.800000    0.815129   -0.724175
  -36.700000    0.815486   -0.719189
  -36.600000    0.815867   -0.714268
  -36.500000    0.816268   -0.709411
  -36.400000    0.816686   -0.704617
  -36.300000    0.817120   -0.699885
  -36.200000    0.817567   -0.695214
  -36.100000    0.818026   -0.690602
  -36.000000    0.818494   -0.686048
  -35.900000    0.818972   -0.681551
  -35.800000    0.819457   -0.677111
  -35.700000    0.819948   -0.672727
  -35.600000    0.820446   -0.668396
  -35.500000    0.820947   -0.664119
  -35.400000    0.821453   -0.659894
  -35.300000    0.821963   -0.655721
  -35.200000    0.822475   -0.651598
  -35.100000    0.822990   -0.647525
  -35.000000    0.823507   -0.643501
  -34.900000    0.824025   -0.639525
  -34.800000    0.824545   -0.635596
  -34.700000    0.825067   -0.631713
  -34.600000    0.825589   -0.627876
  -34.500000    0.826111   -0.624084
  -34.400000    0.826635   -0.620336
  -34.300000    0.827158   -0.616631
  -34.200000    0.827682   -0.612969
  -34.100000    0.828206   -0.609349
  -34.000000    0.828730   -0.605770
  -33.900000    0.829254   -0.602231
  -33.800000    0.829778   -0.598732
  -33.700000    0.830301   -0.595273
  -33.600000    0.830825   -0.591852
  -33.500000    0.831348   -0.588469
  -33.400000    0.831871   -0.585124
  -33.300000    0.832394   -0.581815
  -33.200000    0.832916   -0.578542
  -33.100000    0.833438   -0.575305
  -33.000000    0.833959   -0.572103
  -32.900000    0.834480   -0.568935
  -32.800000    0.835001   -0.565802
  -32.700000    0.835521   -0.562702
  -32.600000    0.836041   -0.559634
  -32.500000    0.836560   -0.556599
  -32.400000    0.837079   -0.553596
  -32.300000    0.837598   -0.550625
  -32.200000    0.838116   -0.547684
  -32.100000    0.838634   -0.544774
  -32.000000    0.839151   -0.541894
  -31.900000    0.839668   -0.539043
  -31.800000    0.840185   -0.536222
  -31.700000    0.840701   -0.533429
  -31.600000    0.841217   -0.530664
  -31.500000    0.841732   -0.527927
  -31.400000    0.842247   -0.525218
  -31.300000    0.842762   -0.522536
  -31.200000    0.843276   -0.519880
  -31.100000    0.843791   -0.517251
  -31.000000    0.844304   -0.514647
  -30.900000    0.844818   -0.512069
  -30.800000    0.845331   -0.509517
  -30.700000    0.845844   -0.506989
  -30.600000    0.846356   -0.504485
  -30.500000    0.846868   -0.502005
  -30.400000    0.847380   -0.499550
  -30.300000    0.847892   -0.497117
  -30.200000    0.848403   -0.494708
  -30.100000    0.848915   -0.492321
  -30.000000    0.849425   -0.489957
  -29.900000    0.849936   -0.487615
  -29.800000    0.850446   -0.485295
  -29.700000    0.850957   -0.482997
  -29.600000    0.851467   -0.480720
  -29.500000    0.851976   -0.478463
  -29.400000    0.852486   -0.476228
  -29.300000    0.852995   -0.474012
  -29.200000    0.853504   -0.471817
  -29.100000    0.854013   -0.469642
  -29.000000    0.854522   -0.467486
  -28.900000    0.855030   -0.465350
  -28.800000    0.855538   -0.463233
  -28.700000    0.856046   -0.461134
  -28.600000    0.856554   -0.459055
  -28.500000    0.857062   -0.456993
  -28.400000    0.857570   -0.454950
  -28.300000    0.858077   -0.452925
  -28.200000    0.858584   -0.450917
  -28.100000    0.859091   -0.448926
  -28.000000    0.859598   -0.446953
  -27.900000    0.860105   -0.444997
  -27.800000    0.860612   -0.443058
  -27.700000    0.861118   -0.441135
  -27.600000    0.861625   -0.439228
  -27.500000    0.862131   -0.437338
  -27.400000    0.862637   -0.435463
  -27.300000    0.863143   -0.433605
  -27.200000    0.863649   -0.431762
  -27.100000    0.864155   -0.429934
  -27.000000    0.864660   -0.428121
  -26.900000    0.865166   -0.426324
  -26.800000    0.865671   -0.424541
  -26.700000    0.866176   -0.422773
  -26.600000    0.866682   -0.421019
  -26.500000    0.867187   -0.419280
  -26.400000    0.867692   -0.417554
  -26.300000    0.868197   -0.415843
  -26.200000    0.868701   -0.414145
  -26.100000    0.869206   -0.412461
  -26.000000    0.869711   -0.410791
  -25.900000    0.870215   -0.409133
  -25.800000    0.870719   -0.407489
  -25.700000    0.871224   -0.405858
  -25.600000    0.871728   -0.404240
  -25.500000    0.872232   -0.402634
  -25.400000    0.872736   -0.401041
  -25.300000    0.873240   -0.399460
  -25.200000    0.873744   -0.397892
  -25.100000    0.874248   -0.396336
  -25.000000    0.874752   -0.394791
  -24.900000    0.875255   -0.393259
  -24.800000    0.875759   -0.391738
  -24.700000    0.876263   -0.390228
  -24.600000    0.876766   -0.388731
  -24.500000    0.877270   -0.387244
  -24.400000    0.877773   -0.385769
  -24.300000    0.878276   -0.384304
  -24.200000    0.878779   -0.382851
  -24.100000    0.879283   -0.381408
  -24.000000    0.879786   -0.379977
  -23.900000    0.880289   -0.378555
  -23.800000    0.880792   -0.377145
  -23.700000    0.881295   -0.375744
  -23.600000    0.881798   -0.374354
  -23.500000    0.882300   -0.372974
  -23.400000    0.882803   -0.371604
  -23.300000    0.883306   -0.370244
  -23.200000    0.883809   -0.368893
  -23.100000    0.884311   -0.367553
  -23.000000    0.884814   -0.366222
  -22.900000    0.885316   -0.364900
  -22.800000    0.885819   -0.363588
  -22.700000    0.886321   -0.362285
  -22.600000    0.886824   -0.360992
  -22.500000    0.887326   -0.359707
  -22.400000    0.887829   -0.358431
  -22.300000    0.888331   -0.357165
  -22.200000    0.888833   -0.355907
  -22.100000    0.889335   -0.354658
  -22.000000    0.889838   -0.353418
  -21.900000    0.890340   -0.352186
  -21.800000    0.890842   -0.350963
  -21.700000    0.891344   -0.349748
  -21.600000    0.891846   -0.348541
  -21.500000    0.892348   -0.347342
  -21.400000    0.892850   -0.346152
  -21.300000    0.893352   -0.344970
  -21.200000    0.893854   -0.343795
  -21.100000    0.894356   -0.342629
  -21.000000    0.894857   -0.341470
  -20.900000    0.895359   -0.340320
  -20.800000    0.895861   -0.339176
  -20.700000    0.896363   -0.338041
  -20.600000    0.896864   -0.336913
  -20.500000    0.897366   -0.335792
  -20.400000    0.897868   -0.334679
  -20.300000    0.898369   -0.333572
  -20.200000    0.898871   -0.332474
  -20.100000    0.899373   -0.331382
  -20.000000    0.899874   -0.330297
  -19.900000    0.900376   -0.329220
  -19.800000    0.900877   -0.328149
  -19.700000    0.901379   -0.327085
  -19.600000    0.901880   -0.326028
  -19.500000    0.902382   -0.324978
  -19.400000    0.902883   -0.323935
  -19.300000    0.903385   -0.322898
  -19.200000    0.903886   -0.321867
  -19.100000    0.904387   -0.320844
  -19.000000    0.904889   -0.319826
  -18.900000    0.905390   -0.318815
  -18.800000    0.905891   -0.317811
  -18.700000    0.906392   -0.316812
  -18.600000    0.906894   -0.315820
  -18.500000    0.907395   -0.314834
  -18.400000    0.907896   -0.313854
  -18.300000    0.908397   -0.312880
  -18.200000    0.908898   -0.311912
  -18.100000    0.909400   -0.310950
  -18.000000    0.909901   -0.309993
  -17.900000    0.910402   -0.309043
  -17.800000    0.910903   -0.308098
  -17.700000    0.911404   -0.307160
  -17.600000    0.911905   -0.306226
  -17.500000    0.912406   -0.305299
  -17.400000    0.912907   -0.304377
  -17.300000    0.913408   -0.303460
  -17.200000    0.913909   -0.302549
  -17.100000    0.914410   -0.301643
  -17.000000    0.914911   -0.300743
  -16.900000    0.915412   -0.299848
  -16.800000    0.915913   -0.298958
  -16.700000    0.916414   -0.298074
  -16.600000    0.916915   -0.297194
  -16.500000    0.917416   -0.296320
  -16.400000    0.917917   -0.295451
  -16.300000    0.918418   -0.294587
  -16.200000    0.918919   -0.293728
  -16.100000    0.919420   -0.292874
  -16.000000    0.919920   -0.292025
  -15.900000    0.920421   -0.291180
  -15.800000    0.920922   -0.290341
  -15.700000    0.921423   -0.289506
  -15.600000    0.921924   -0.288676
  -15.500000    0.922424   -0.287851
  -15.400000    0.922925   -0.287030
  -15.300000    0.923426   -0.286214
  -15.200000    0.923927   -0.285403
  -15.100000    0.924427   -0.284596
  -15.000000    0.924928   -0.283794
  -14.900000    0.925429   -0.282996
  -14.800000    0.925930   -0.282203
  -14.700000    0.926430   -0.281414
  -14.600000    0.926931   -0.280630
  -14.500000    0.927432   -0.279849
  -14.400000    0.927932   -0.279073
  -14.300000    0.928433   -0.278302
  -14.200000    0.928934   -0.277534
  -14.100000    0.929434   -0.276771
  -14.000000    0.929935   -0.276012
  -13.900000    0.930436   -0.275257
  -13.800000    0.930936   -0.274506
  -13.700000    0.931437   -0.273759
  -13.600000    0.931938   -0.273017
  -13.500000    0.932438   -0.272278
  -13.400000    0.932939   -0.271543
  -13.300000    0.933439   -0.270812
  -13.200000    0.933940   -0.270085
  -13.100000    0.934441   -0.269362
  -13.000000    0.934941   -0.268643
  -12.900000    0.935442   -0.267927
  -12.800000    0.935942   -0.267216
  -12.700000    0.936443   -0.266508
  -12.600000    0.936943   -0.265804
  -12.500000    0.937444   -0.265103
  -12.400000    0.937944   -0.264406
  -12.300000    0.938445   -0.263713
  -12.200000    0.938945   -0.263023
  -12.100000    0.939446   -0.262337
  -12.000000    0.939946   -0.261655
  -11.900000    0.940447   -0.260976
  -11.800000    0.940947   -0.260300
  -11.700000    0.941448   -0.259628
  -11.600000    0.941948   -0.258960
  -11.500000    0.942449   -0.258295
  -11.400000    0.942949   -0.257633
  -11.300000    0.943450   -0.256974
  -11.200000    0.943950   -0.256319
  -11.100000    0.944450   -0.255668
  -11.000000    0.944951   -0.255019
  -10.900000    0.945451   -0.254374
  -10.800000    0.945952   -0.253732
  -10.700000    0.946452   -0.253093
  -10.600000    0.946953   -0.252458
  -10.500000    0.947453   -0.251825
  -10.400000    0.947953   -0.251196
  -10.300000    0.948454   -0.250570
  -10.200000    0.948954   -0.249947
  -10.100000    0.949455   -0.249327
  -10.000000    0.949955   -0.248710
   -9.900000    0.950455   -0.248096
   -9.800000    0.950956   -0.247485
   -9.700000    0.951456   -0.246877
   -9.600000    0.951956   -0.246272
   -9.500000    0.952457   -0.245670
   -9.400000    0.952957   -0.245071
   -9.300000    0.953458   -0.244475
   -9.200000    0.953958   -0.243882
   -9.100000    0.954458   -0.243292
   -9.000000    0.954959   -0.242704
   -8.900000    0.955459   -0.242119
   -8.800000    0.955959   -0.241537
   -8.700000    0.956460   -0.240958
   -8.600000    0.956960   -0.240382
   -8.500000    0.957460   -0.239808
   -8.400000    0.957961   -0.239237
   -8.300000    0.958461   -0.238669
   -8.200000    0.958961   -0.238103
   -8.100000    0.959462   -0.237540
   -8.000000    0.959962   -0.236980
   -7.900000    0.960462   -0.236422
   -7.800000    0.960962   -0.235867
   -7.700000    0.961463   -0.235315
   -7.600000    0.961963   -0.234765
   -7.500000    0.962463   -0.234217
   -7.400000    0.962964   -0.233673
   -7.300000    0.963464   -0.233130
   -7.200000    0.963964   -0.232591
   -7.100000    0.964464   -0.232053
   -7.000000    0.964965   -0.231518
   -6.900000    0.965465   -0.230986
   -6.800000    0.965965   -0.230456
   -6.700000    0.966465   -0.229929
   -6.600000    0.966966   -0.229403
   -6.500000    0.967466   -0.228881
   -6.400000    0.967966   -0.228360
   -6.300000    0.968467   -0.227842
   -6.200000    0.968967   -0.227326
   -6.100000    0.969467   -0.226813
   -6.000000    0.969967   -0.226302
   -5.900000    0.970467   -0.225793
   -5.800000    0.970968   -0.225287
   -5.700000    0.971468   -0.224782
   -5.600000    0.971968   -0.224280
   -5.500000    0.972468   -0.223781
   -5.400000    0.972969   -0.223283
   -5.300000    0.973469   -0.222788
   -5.200000    0.973969   -0.222294
   -5.100000    0.974469   -0.221803
   -5.000000    0.974970   -0.221314
   -4.900000    0.975470   -0.220828
   -4.800000    0.975970   -0.220343
   -4.700000    0.976470   -0.219861
   -4.600000    0.976970   -0.219380
   -4.500000    0.977471   -0.218902
   -4.400000    0.977971   -0.218426
   -4.300000    0.978471   -0.217951
   -4.200000    0.978971   -0.217479
   -4.100000    0.979471   -0.217009
   -4.000000    0.979972   -0.216541
   -3.900000    0.980472   -0.216075
   -3.800000    0.980972   -0.215611
   -3.700000    0.981472   -0.215149
   -3.600000    0.981972   -0.214689
   -3.500000    0.982473   -0.214231
   -3.400000    0.982973   -0.213774
   -3.300000    0.983473   -0.213320
   -3.200000    0.983973   -0.212868
   -3.100000    0.984473   -0.212417
   -3.000000    0.984973   -0.211969
   -2.900000    0.985474   -0.211522
   -2.800000    0.985974   -0.211077
   -2.700000    0.986474   -0.210634
   -2.600000    0.986974   -0.210193
   -2.500000    0.987474   -0.209754
   -2.400000    0.987974   -0.209316
   -2.300000    0.988475   -0.208881
   -2.200000    0.988975   -0.208447
   -2.100000    0.989475   -0.208015
   -2.000000    0.989975   -0.207585
   -1.900000    0.990475   -0.207156
   -1.800000    0.990975   -0.206729
   -1.700000    0.991476   -0.206304
   -1.600000    0.991976   -0.205881
   -1.500000    0.992476   -0.205460
   -1.400000    0.992976   -0.205040
   -1.300000    0.993476   -0.204622
   -1.200000    0.993976   -0.204205
   -1.100000    0.994476   -0.203791
   -1.000000    0.994977   -0.203378
   -0.900000    0.995477   -0.202966
   -0.800000    0.995977   -0.202557
   -0.700000    0.996477   -0.202149
   -0.600000    0.996977   -0.201742
   -0.500000    0.997477   -0.201337
   -0.400000    0.997977   -0.200934
   -0.300000    0.998478   -0.200533
   -0.200000    0.998978   -0.200133
   -0.100000    0.999478   -0.199734
    0.000000    0.999978   -0.199337
    0.100000    1.000478   -0.198942
    0.200000    1.000978   -0.198548
    0.300000    1.001478   -0.198156
    0.400000    1.001979   -0.197766
    0.500000    1.002479   -0.197377
    0.600000    1.002979   -0.196989
    0.700000    1.003479   -0.196603
    0.800000    1.003979   -0.196218
    0.900000    1.004479   -0.195835
    1.000000    1.004979   -0.195454
    1.100000    1.005479   -0.195074
    1.200000    1.005980   -0.194695
    1.300000    1.006480   -0.194318
    1.400000    1.006980   -0.193942
    1.500000    1.007480   -0.193568
    1.600000    1.007980   -0.193195
    1.700000    1.008480   -0.192824
    1.800000    1.008980   -0.192454
    1.900000    1.009480   -0.192085
    2.000000    1.009980   -0.191718
    2.100000    1.010481   -0.191353
    2.200000    1.010981   -0.190988
    2.300000    1.011481   -0.190625
    2.400000    1.011981   -0.190264
    2.500000    1.012481   -0.189903
    2.600000    1.012981   -0.189545
    2.700000    1.013481   -0.189187
    2.800000    1.013981   -0.188831
    2.900000    1.014481   -0.188476
    3.000000    1.014981   -0.188122
    3.100000    1.015482   -0.187770
    3.200000    1.015982   -0.187419
    3.300000    1.016482   -0.187070
    3.400000    1.016982   -0.186722
    3.500000    1.017482   -0.186375
    3.600000    1.017982   -0.186029
    3.700000    1.018482   -0.185684
    3.800000    1.018982   -0.185341
    3.900000    1.019482   -0.184999
    4.000000    1.019982   -0.184659
    4.100000    1.020482   -0.184319
    4.200000    1.020983   -0.183981
    4.300000    1.021483   -0.183644
    4.400000    1.021983   -0.183309
    4.500000    1.022483   -0.182974
    4.600000    1.022983   -0.182641
    4.700000    1.023483   -0.182309
    4.800000    1.023983   -0.181978
    4.900000    1.024483   -0.181648
    5.000000    1.024983   -0.181320
    5.100000    1.025483   -0.180993
    5.200000    1.025983   -0.180666
    5.300000    1.026484   -0.180341
    5.400000    1.026984   -0.180018
    5.500000    1.027484   -0.179695
    5.600000    1.027984   -0.179374
    5.700000    1.028484   -0.179053
    5.800000    1.028984   -0.178734
    5.900000    1.029484   -0.178416
    6.000000    1.029984   -0.178099
    6.100000    1.030484   -0.177783
    6.200000    1.030984   -0.177469
    6.300000    1.031484   -0.177155
    6.400000    1.031984   -0.176843
    6.500000    1.032484   -0.176531
    6.600000    1.032985   -0.176221
    6.700000    1.033485   -0.175912
    6.800000    1.033985   -0.175604
    6.900000    1.034485   -0.175297
    7.000000    1.034985   -0.174991
    7.100000    1.035485   -0.174686
    7.200000    1.035985   -0.174382
    7.300000    1.036485   -0.174079
    7.400000    1.036985   -0.173777
    7.500000    1.037485   -0.173477
    7.600000    1.037985   -0.173177
    7.700000    1.038485   -0.172878
    7.800000    1.038985   -0.172581
    7.900000    1.039485   -0.172284
    8.000000    1.039985   -0.171989
    8.100000    1.040486   -0.171694
    8.200000    1.040986   -0.171400
    8.300000    1.041486   -0.171108
    8.400000    1.041986   -0.170816
    8.500000    1.042486   -0.170526
    8.600000    1.042986   -0.170236
    8.700000    1.043486   -0.169948
    8.800000    1.043986   -0.169660
    8.900000    1.044486   -0.169373
    9.000000    1.044986   -0.169088
    9.100000    1.045486   -0.168803
    9.200000    1.045986   -0.168519
    9.300000    1.046486   -0.168236
    9.400000    1.046986   -0.167954
    9.500000    1.047486   -0.167673
    9.600000    1.047986   -0.167393
    9.700000    1.048487   -0.167114
    9.800000    1.048987   -0.166836
    9.900000    1.049487   -0.166559
   10.000000    1.049987   -0.166282
   10.100000    1.050487   -0.166007
   10.200000    1.050987   -0.165733
   10.300000    1.051487   -0.165459
   10.400000    1.051987   -0.165186
   10.500000    1.052487   -0.164914
   10.600000    1.052987   -0.164644
   10.700000    1.053487   -0.164374
   10.800000    1.053987   -0.164104
   10.900000    1.054487   -0.163836
   11.000000    1.054987   -0.163569
   11.100000    1.055487   -0.163302
   11.200000    1.055987   -0.163037
   11.300000    1.056487   -0.162772
   11.400000    1.056987   -0.162508
   11.500000    1.057487   -0.162245
   11.600000    1.057988   -0.161983
   11.700000    1.058488   -0.161721
   11.800000    1.058988   -0.161461
   11.900000    1.059488   -0.161201
   12.000000    1.059988   -0.160942
   12.100000    1.060488   -0.160684
   12.200000    1.060988   -0.160427
   12.300000    1.061488   -0.160170
   12.400000    1.061988   -0.159915
   12.500000    1.062488   -0.159660
   12.600000    1.062988   -0.159406
   12.700000    1.063488   -0.159153
   12.800000    1.063988   -0.158900
   12.900000    1.064488   -0.158649
   13.000000    1.064988   -0.158398
   13.100000    1.065488   -0.158148
   13.200000    1.065988   -0.157899
   13.300000    1.066488   -0.157651
   13.400000    1.066988   -0.157403
   13.500000    1.067488   -0.157156
   13.600000    1.067988   -0.156910
   13.700000    1.068489   -0.156665
   13.800000    1.068989   -0.156420
   13.900000    1.069489   -0.156176
   14.000000    1.069989   -0.155933
   14.100000    1.070489   -0.155691
   14.200000    1.070989   -0.155449
   14.300000    1.071489   -0.155209
   14.400000    1.071989   -0.154969
   14.500000    1.072489   -0.154729
   14.600000    1.072989   -0.154491
   14.700000    1.073489   -0.154253
   14.800000    1.073989   -0.154016
   14.900000    1.074489   -0.153779
   15.000000    1.074989   -0.153544
   15.100000    1.075489   -0.153309
   15.200000    1.075989   -0.153075
   15.300000    1.076489   -0.152841
   15.400000    1.076989   -0.152608
   15.500000    1.077489   -0.152376
   15.600000    1.077989   -0.152145
   15.700000    1.078489   -0.151914
   15.800000    1.078989   -0.151684
   15.900000    1.079489   -0.151455
   16.000000    1.079989   -0.151226
   16.100000    1.080489   -0.150998
   16.200000    1.080989   -0.150771
   16.300000    1.081490   -0.150545
   16.400000    1.081990   -0.150319
   16.500000    1.082490   -0.150094
   16.600000    1.082990   -0.149869
   16.700000    1.083490   -0.149645
   16.800000    1.083990   -0.149422
   16.900000    1.084490   -0.149199
   17.000000    1.084990   -0.148978
   17.100000    1.085490   -0.148756
   17.200000    1.085990   -0.148536
   17.300000    1.086490   -0.148316
   17.400000    1.086990   -0.148097
   17.500000    1.087490   -0.147878
   17.600000    1.087990   -0.147660
   17.700000    1.088490   -0.147443
   17.800000    1.088990   -0.147226
   17.900000    1.089490   -0.147010
   18.000000    1.089990   -0.146795
   18.100000    1.090490   -0.146580
   18.200000    1.090990   -0.146366
   18.300000    1.091490   -0.146152
   18.400000    1.091990   -0.145939
   18.500000    1.092490   -0.145727
   18.600000    1.092990   -0.145515
   18.700000    1.093490   -0.145304
   18.800000    1.093990   -0.145094
   18.900000    1.094490   -0.144884
   19.000000    1.094990   -0.144675
   19.100000    1.095490   -0.144466
   19.200000    1.095990   -0.144258
   19.300000    1.096491   -0.144051
   19.400000    1.096991   -0.143844
   19.500000    1.097491   -0.143637
   19.600000    1.097991   -0.143432
   19.700000    1.098491   -0.143227
   19.800000    1.098991   -0.143022
   19.900000    1.099491   -0.142818
   20.000000    1.099991   -0.142615
   20.100000    1.100491   -0.142412
   20.200000    1.100991   -0.142210
   20.300000    1.101491   -0.142008
   20.400000    1.101991   -0.141807
   20.500000    1.102491   -0.141607
   20.600000    1.102991   -0.141407
   20.700000    1.103491   -0.141208
   20.800000    1.103991   -0.141009
   20.900000    1.104491   -0.140811
   21.000000    1.104991   -0.140613
   21.100000    1.105491   -0.140416
   21.200000    1.105991   -0.140219
   21.300000    1.106491   -0.140023
   21.400000    1.106991   -0.139828
   21.500000    1.107491   -0.139633
   21.600000    1.107991   -0.139438
   21.700000    1.108491   -0.139245
   21.800000    1.108991   -0.139051
   21.900000    1.109491   -0.138859
   22.000000    1.109991   -0.138666
   22.100000    1.110491   -0.138475
   22.200000    1.110991   -0.138283
   22.300000    1.111491   -0.138093
   22.400000    1.111991   -0.137903
   22.500000    1.112491   -0.137713
   22.600000    1.112991   -0.137524
   22.700000    1.113491   -0.137335
   22.800000    1.113991   -0.137147
   22.900000    1.114491   -0.136960
   23.000000    1.114991   -0.136773
   23.100000    1.115492   -0.136586
   23.200000    1.115992   -0.136400
   23.300000    1.116492   -0.136215
   23.400000    1.116992   -0.136030
   23.500000    1.117492   -0.135845
   23.600000    1.117992   -0.135661
   23.700000    1.118492   -0.135478
   23.800000    1.118992   -0.135295
   23.900000    1.119492   -0.135112
   24.000000    1.119992   -0.134930
   24.100000    1.120492   -0.134749
   24.200000    1.120992   -0.134567
   24.300000    1.121492   -0.134387
   24.400000    1.121992   -0.134207
   24.500000    1.122492   -0.134027
   24.600000    1.122992   -0.133848
   24.700000    1.123492   -0.133669
   24.800000    1.123992   -0.133491
   24.900000    1.124492   -0.133314
   25.000000    1.124992   -0.133136
   25.100000    1.125492   -0.132960
   25.200000    1.125992   -0.132783
   25.300000    1.126492   -0.132607
   25.400000    1.126992   -0.132432
   25.500000    1.127492   -0.132257
   25.600000    1.127992   -0.132083
   25.700000    1.128492   -0.131909
   25.800000    1.128992   -0.131735
   25.900000    1.129492   -0.131562
   26.000000    1.129992   -0.131390
   26.100000    1.130492   -0.131217
   26.200000    1.130992   -0.131046
   26.300000    1.131492   -0.130874
   26.400000    1.131992   -0.130704
   26.500000    1.132492   -0.130533
   26.600000    1.132992   -0.130363
   26.700000    1.133492   -0.130194
   26.800000    1.133992   -0.130025
   26.900000    1.134492   -0.129856
   27.000000    1.134992   -0.129688
   27.100000    1.135492   -0.129520
   27.200000    1.135992   -0.129353
   27.300000    1.136492   -0.129186
   27.400000    1.136992   -0.129020
   27.500000    1.137492   -0.128854
   27.600000    1.137992   -0.128688
   27.700000    1.138492   -0.128523
   27.800000    1.138992   -0.128358
   27.900000    1.139492   -0.128194
   28.000000    1.139993   -0.128030
   28.100000    1.140493   -0.127866
   28.200000    1.140993   -0.127703
   28.300000    1.141493   -0.127541
   28.400000    1.141993   -0.127379
   28.500000    1.142493   -0.127217
   28.600000    1.142993   -0.127055
   28.700000    1.143493   -0.126894
   28.800000    1.143993   -0.126734
   28.900000    1.144493   -0.126573
   29.000000    1.144993   -0.126414
   29.100000    1.145493   -0.126254
   29.200000    1.145993   -0.126095
   29.300000    1.146493   -0.125937
   29.400000    1.146993   -0.125778
   29.500000    1.147493   -0.125621
   29.600000    1.147993   -0.125463
   29.700000    1.148493   -0.125306
   29.800000    1.148993   -0.125150
   29.900000    1.149493   -0.124993
   30.000000    1.149993   -0.124838
   30.100000    1.150493   -0.124682
   30.200000    1.150993   -0.124527
   30.300000    1.151493   -0.124372
   30.400000    1.151993   -0.124218
   30.500000    1.152493   -0.124064
   30.600000    1.152993   -0.123911
   30.700000    1.153493   -0.123758
   30.800000    1.153993   -0.123605
   30.900000    1.154493   -0.123452
   31.000000    1.154993   -0.123300
   31.100000    1.155493   -0.123149
   31.200000    1.155993   -0.122997
   31.300000    1.156493   -0.122846
   31.400000    1.156993   -0.122696
   31.500000    1.157493   -0.122546
   31.600000    1.157993   -0.122396
   31.700000    1.158493   -0.122247
   31.800000    1.158993   -0.122097
   31.900000    1.159494   -0.121949
   32.000000    1.159994   -0.121800
   32.100000    1.160494   -0.121652
   32.200000    1.160994   -0.121505
   32.300000    1.161494   -0.121358
   32.400000    1.161994   -0.121211
   32.500000    1.162494   -0.121064
   32.600000    1.162994   -0.120918
   32.700000    1.163495   -0.120772
   32.800000    1.163995   -0.120626
   32.900000    1.164495   -0.120481
   33.000000    1.164995   -0.120336
   33.100000    1.165496   -0.120192
   33.200000    1.165996   -0.120048
   33.300000    1.166497   -0.119904
   33.400000    1.166997   -0.119761
   33.500000    1.167498   -0.119618
   33.600000    1.167999   -0.119475
   33.700000    1.168500   -0.119332
   33.800000    1.169001   -0.119190
   33.900000    1.169502   -0.119049
   34.000000    1.170003   -0.118907
   34.100000    1.170505   -0.118766
   34.200000    1.171007   -0.118626
   34.300000    1.171509   -0.118485
   34.400000    1.172012   -0.118345
   34.500000    1.172515   -0.118205
   34.600000    1.173018   -0.118066
   34.700000    1.173523   -0.117927
   34.800000    1.174027   -0.117788
   34.900000    1.174533   -0.117650
   35.000000    1.175040   -0.117512
   35.100000    1.175547   -0.117374
   35.200000    1.176056   -0.117236
   35.300000    1.176567   -0.117099
   35.400000    1.177079   -0.116962
   35.500000    1.177593   -0.116826
   35.600000    1.178109   -0.116690
   35.700000    1.178628   -0.116554
   35.800000    1.179151   -0.116418
   35.900000    1.179677   -0.116283
   36.000000    1.180207   -0.116148
   36.100000    1.180743   -0.116014
   36.200000    1.181284   -0.115879
   36.300000    1.181832   -0.115745
   36.400000    1.182389   -0.115612
   36.500000    1.182954   -0.115478
   36.600000    1.183531   -0.115345
   36.700000    1.184120   -0.115213
   36.800000    1.184724   -0.115080
   36.900000    1.185346   -0.114948
   37.000000    1.185988   -0.114816
   37.100000    1.186653   -0.114685
   37.200000    1.187346   -0.114553
   37.300000    1.188071   -0.114423
   37.400000    1.188834   -0.114292
   37.500000    1.189641   -0.114162
   37.600000    1.190499   -0.114032
   37.700000    1.191417   -0.113902
   37.800000    1.192405   -0.113772
   37.900000    1.193475   -0.113643
   38.000000    1.194640   -0.113514
   38.100000    1.195916   -0.113386
   38.200000    1.197323   -0.113257
   38.300000    1.198882   -0.113129
   38.400000    1.200620   -0.113002
   38.500000    1.202566   -0.112874
   38.600000    1.204756   -0.112747
   38.700000    1.207231   -0.112620
   38.800000    1.210041   -0.112494
   38.900000    1.213243   -0.112368
   39.000000    1.216905   -0.112242
   39.100000    1.221106   -0.112116
   39.200000    1.225941   -0.111990
   39.300000    1.231522   -0.111865
   39.400000    1.237980   -0.111740
   39.500000    1.245472   -0.111616
   39.600000    1.254186   -0.111492
   39.700000    1.264345   -0.111367
   39.800000    1.276217   -0.111244
   39.900000    1.290126   -0.111120
   40.000000    1.306476   -0.110997
   40.100000    1.320458   -0.110874
   40.200000    1.332402   -0.110751
   40.300000    1.342592   -0.110629
   40.400000    1.351274   -0.110507
   40.500000    1.358662   -0.110385
   40.600000    1.364945   -0.110263
   40.700000    1.370283   -0.110142
   40.800000    1.374816   -0.110021
   40.900000    1.378663   -0.109900
   41.000000    1.381925   -0.109780
   41.100000    1.384692   -0.109659
   41.200000    1.387037   -0.109539
   41.300000    1.389024   -0.109420
   41.400000    1.390708   -0.109300
   41.500000    1.392134   -0.109181
   41.600000    1.393342   -0.109062
   41.700000    1.394364   -0.108943
   41.800000    1.395230   -0.108825
   41.900000    1.395963   -0.108707
   42.000000    1.396583   -0.108589
   42.100000    1.397109   -0.108471
   42.200000    1.397553   -0.108354
   42.300000    1.397929   -0.108237
   42.400000    1.398248   -0.108120
   42.500000    1.398517   -0.108003
   42.600000    1.398745   -0.107887
   42.700000    1.398938   -0.107770
   42.800000    1.399101   -0.107655
   42.900000    1.399239   -0.107539
   43.000000    1.399356   -0.107423
   43.100000    1.399455   -0.107308
   43.200000    1.399539   -0.107193
   43.300000    1.399609   -0.107079
   43.400000    1.399669   -0.106964
   43.500000    1.399720   -0.106850
   43.600000    1.399763   -0.106736
   43.700000    1.399799   -0.106622
   43.800000    1.399830   -0.106509
   43.900000    1.399856   -0.106396
   44.000000    1.399878   -0.106283
   44.100000    1.399897   -0.106170
   44.200000    1.399912   -0.106058
   44.300000    1.399926   -0.105945
   44.400000    1.399937   -0.105833
   44.500000    1.399946   -0.105722
   44.600000    1.399954   -0.105610
   44.700000    1.399961   -0.105499
   44.800000    1.399967   -0.105388
   44.900000    1.399972   -0.105277
   45.000000    1.399976   -0.105166
   45.100000    1.399980   -0.105056
   45.200000    1.399983   -0.104946
   45.300000    1.399985   -0.104836
   45.400000    1.399987   -0.104726
   45.500000    1.399989   -0.104617
   45.600000    1.399990   -0.104507
   45.700000    1.399992   -0.104398
   45.800000    1.399993   -0.104290
   45.900000    1.399994   -0.104181
   46.000000    1.399995   -0.104073
   46.100000    1.399995   -0.103965
   46.200000    1.399996   -0.103857
   46.300000    1.399996   -0.103749
   46.400000    1.399997   -0.103642
   46.500000    1.399997   -0.103534
   46.600000    1.399997   -0.103427
   46.700000    1.399998   -0.103321
   46.800000    1.399998   -0.103214
   46.900000    1.399998   -0.103108
   47.000000    1.399998   -0.103002
   47.100000    1.399998   -0.102896
   47.200000    1.399998   -0.102790
   47.300000    1.399998   -0.102685
   47.400000    1.399998   -0.102579
   47.500000    1.399999   -0.102474
   47.600000    1.399999   -0.102370
   47.700000    1.399999   -0.102265
   47.800000    1.399999   -0.102161
   47.900000    1.399999   -0.102056
   48.000000    1.399999   -0.101952
   48.100000    1.399999   -0.101849
   48.200000    1.399999   -0.101745
   48.300000    1.399999   -0.101642
   48.400000    1.399999   -0.101539
   48.500000    1.399999   -0.101436
   48.600000    1.399999   -0.101333
   48.700000    1.399999   -0.101231
   48.800000    1.399999   -0.101128
   48.900000    1.399999   -0.101026
   49.000000    1.399999   -0.100924
   49.100000    1.399999   -0.100823
   49.200000    1.399999   -0.100721
   49.300000    1.399999   -0.100620
   49.400000    1.399999   -0.100519
   49.500000    1.399999   -0.100418
   49.600000    1.399999   -0.100317
   49.700000    1.399999   -0.100217
   49.800000    1.399999   -0.100117
   49.900000    1.399999   -0.100017
   50.000000    1.399999   -0.099917
   50.100000    1.399999   -0.099817
   50.200000    1.399999   -0.099718
   50.300000    1.399999   -0.099618
   50.400000    1.399999   -0.099519
   50.500000    1.399999   -0.099421
   50.600000    1.399999   -0.099322
   50.700000    1.399999   -0.099223
   50.800000    1.399999   -0.099125
   50.900000    1.399999   -0.099027
   51.000000    1.399999   -0.098929
   51.100000    1.399999   -0.098831
   51.200000    1.399999   -0.098734
   51.300000    1.399999   -0.098637
   51.400000    1.399999   -0.098540
   51.500000    1.399999   -0.098443
   51.600000    1.399999   -0.098346
   51.700000    1.399999   -0.098249
   51.800000    1.399999   -0.098153
   51.900000    1.399999   -0.098057
   52.000000    1.399999   -0.097961
   52.100000    1.399999   -0.097865
   52.200000    1.399999   -0.097769
   52.300000    1.399999   -0.097674
   52.400000    1.399999   -0.097579
   52.500000    1.399999   -0.097484
   52.600000    1.399999   -0.097389
   52.700000    1.399999   -0.097294
   52.800000    1.399999   -0.097200
   52.900000    1.399999   -0.097105
   53.000000    1.399999   -0.097011
   53.100000    1.399999   -0.096917
   53.200000    1.399999   -0.096824
   53.300000    1.399999   -0.096730
   53.400000    1.399999   -0.096637
   53.500000    1.399999   -0.096543
   53.600000    1.399999   -0.096450
   53.700000    1.399999   -0.096357
   53.800000    1.399999   -0.096265
   53.900000    1.399999   -0.096172
   54.000000    1.399999   -0.096080
   54.100000    1.399999   -0.095988
   54.200000    1.399999   -0.095896
   54.300000    1.399999   -0.095804
   54.400000    1.399999   -0.095712
   54.500000    1.399999   -0.095621
   54.600000    1.399999   -0.095530
   54.700000    1.399999   -0.095438
   54.800000    1.399999   -0.095348
   54.900000    1.399999   -0.095257
   55.000000    1.399999   -0.095166
   55.100000    1.399999   -0.095076
   55.200000    1.399999   -0.094986
   55.300000    1.399999   -0.094895
   55.400000    1.399999   -0.094806
   55.500000    1.399999   -0.094716
   55.600000    1.399999   -0.094626
   55.700000    1.399999   -0.094537
   55.800000    1.399999   -0.094448
   55.900000    1.399999   -0.094359
   56.000000    1.399999   -0.094270
   56.100000    1.399999   -0.094181
   56.200000    1.399999   -0.094092
   56.300000    1.399999   -0.094004
   56.400000    1.399999   -0.093916
   56.500000    1.399999   -0.093828
   56.600000    1.399999   -0.093740
   56.700000    1.399999   -0.093652
   56.800000    1.399999   -0.093565
   56.900000    1.399999   -0.093477
   57.000000    1.399999   -0.093390
   57.100000    1.399999   -0.093303
   57.200000    1.399999   -0.093216
   57.300000    1.399999   -0.093129
   57.400000    1.399999   -0.093043
   57.500000    1.399999   -0.092956
   57.600000    1.399999   -0.092870
   57.700000    1.399999   -0.092784
   57.800000    1.399999   -0.092698
   57.900000    1.399999   -0.092612
   58.000000    1.399999   -0.092527
   58.100000    1.399999   -0.092441
   58.200000    1.399999   -0.092356
   58.300000    1.399999   -0.092271
   58.400000    1.399999   -0.092186
   58.500000    1.399999   -0.092101
   58.600000    1.399999   -0.092016
   58.700000    1.399999   -0.091932
   58.800000    1.399999   -0.091847
   58.900000    1.399999   -0.091763
   59.000000    1.399999   -0.091679
   59.100000    1.399999   -0.091595
   59.200000    1.399999   -0.091511
   59.300000    1.400000   -0.091428
   59.400000    1.400000   -0.091344
   59.500000    1.400000   -0.091261
   59.600000    1.400000   -0.091178
   59.700000    1.400000   -0.091095
   59.800000    1.400000   -0.091012
   59.900000    1.400000   -0.090929
   60.000000    1.400000   -0.090847
